Fecha de creacion: 15/04/2021 16:15:48

- - - - - - - - - - - - - - - - - -  
PLANIFICACION de DURANGO 
- - - - - - - - - - - - - - - - - -  

DIA: 1
- - - - - - - 
#Indice de los contenedores a recoger el dia 1
Indices: [0, 4, 5, 8, 9, 12, 14, 18, 19, 25, 28, 29, 30, 33, 37, 39, 40, 42, 43, 46, 50, 52, 55, 57, 58, 62, 63, 73, 79, 84, 87, 96, 97, 100, 105, 109, 111, 112, 118, 121, 123, 126, 131, 133, 141, 142]
Demanda: [30.0, 30.0, 40.0, 20.0, 20.0, 30.0, 20.0, 50.0, 10.0, 50.0, 40.0, 20.0, 20.0, 50.0, 20.0, 30.0, 20.0, 10.0, 50.0, 30.0, 10.0, 50.0, 20.0, 30.0, 40.0, 20.0, 20.0, 20.0, 30.0, 40.0, 40.0, 20.0, 20.0, 40.0, 20.0, 30.0, 20.0, 20.0, 30.0, 20.0, 20.0, 30.0, 10.0, 30.0, 30.0]
Rutas: 
[0, 52, 30, 0][0, 8, 5, 9, 39, 50, 0][0, 63, 105, 46, 62, 100, 0][0, 40, 14, 12, 123, 79, 0][0, 55, 18, 142, 141, 111, 109, 0][0, 43, 73, 37, 121, 58, 57, 0][0, 118, 19, 25, 96, 97, 87, 0][0, 42, 28, 29, 33, 126, 133, 0][0, 84, 112, 131, 4, 0]
 - Distancia Total: 31803 m
 - Carga Total: : 16040.0 toneladas
 - Distancia Total: 438.0 min

DIA: 2
- - - - - - - 
#Indice de los contenedores a recoger el dia 2
Indices: [0, 1, 11, 15, 16, 17, 23, 26, 31, 34, 35, 38, 44, 45, 53, 60, 61, 64, 65, 66, 68, 69, 72, 75, 77, 78, 80, 81, 85, 88, 90, 91, 93, 98, 106, 108, 110, 119, 120, 125, 128, 132, 135, 143, 144, 147, 148]
Demanda: [130.0, 80.0, 100.0, 50.0, 120.0, 150.0, 120.0, 70.0, 50.0, 120.0, 80.0, 120.0, 100.0, 120.0, 100.0, 50.0, 130.0, 80.0, 100.0, 150.0, 100.0, 80.0, 150.0, 50.0, 120.0, 130.0, 80.0, 100.0, 140.0, 80.0, 100.0, 150.0, 130.0, 100.0, 80.0, 70.0, 70.0, 150.0, 120.0, 80.0, 100.0, 100.0, 100.0, 50.0, 130.0, 80.0]
Rutas: 
[0, 17, 108, 1, 38, 78, 34, 35, 85, 91, 66, 26, 75, 68, 125, 0][0, 106, 31, 143, 128, 77, 119, 120, 110, 147, 60, 135, 81, 80, 98, 144, 93, 64, 23, 65, 53, 88, 0][0, 72, 15, 61, 90, 11, 16, 44, 132, 45, 69, 148, 0]
 - Distancia Total: 23244 m
 - Carga Total: : 5740.0 toneladas
 - Distancia Total: 414.0 min

DIA: 3
- - - - - - - 
#Indice de los contenedores a recoger el dia 3
Indices: [0, 2, 3, 6, 7, 10, 13, 20, 21, 22, 24, 27, 32, 36, 41, 47, 48, 49, 51, 54, 56, 59, 67, 70, 71, 74, 76, 82, 83, 86, 89, 92, 94, 95, 99, 101, 102, 103, 104, 107, 113, 114, 115, 116, 117, 122, 124, 127, 129, 130, 134, 136, 137, 138, 139, 140, 145, 146]
Demanda: [120.0, 180.0, 180.0, 90.0, 210.0, 110.0, 120.0, 180.0, 110.0, 180.0, 260.0, 270.0, 180.0, 270.0, 120.0, 180.0, 110.0, 180.0, 260.0, 120.0, 270.0, 110.0, 180.0, 210.0, 110.0, 180.0, 180.0, 110.0, 90.0, 210.0, 110.0, 180.0, 90.0, 120.0, 110.0, 270.0, 180.0, 90.0, 210.0, 90.0, 200.0, 180.0, 210.0, 120.0, 270.0, 90.0, 210.0, 180.0, 110.0, 200.0, 210.0, 120.0, 180.0, 110.0, 270.0, 200.0, 180.0]
Rutas: 
[0, 41, 117, 115, 104, 137, 138, 124, 114, 0][0, 129, 107, 99, 3, 82, 74, 145, 92, 83, 94, 89, 0][0, 134, 146, 32, 127, 27, 24, 140, 95, 22, 21, 0][0, 36, 20, 51, 54, 56, 101, 47, 102, 103, 86, 116, 0][0, 67, 71, 2, 7, 136, 48, 10, 130, 0][0, 76, 113, 70, 13, 59, 6, 49, 122, 139, 0]
 - Distancia Total: 33802 m
 - Carga Total: : 11190.0 toneladas
 - Distancia Total: 512.0 min

Coste: [-9968.197, -9976.756, -9966.198, 10000]
