Fecha de creacion: 16/04/2021 09:12:13

- - - - - - - - - - - - - - - - - -  
PLANIFICACION de LEIOA 
- - - - - - - - - - - - - - - - - -  

DIA: 1
- - - - - - - 
#Indice de los contenedores a recoger el dia 1
Indices: [0, 4, 5, 8, 18, 19, 28, 30, 33, 37, 40, 42, 46, 50, 57, 63, 73, 79, 84, 96, 97, 100, 105, 109, 111, 112, 123, 133, 141, 142, 151, 160, 163, 167, 171, 175, 176, 180, 183, 187]
Demanda: [30.0, 30.0, 40.0, 20.0, 50.0, 50.0, 20.0, 20.0, 50.0, 30.0, 20.0, 50.0, 30.0, 20.0, 20.0, 20.0, 20.0, 30.0, 40.0, 20.0, 20.0, 40.0, 20.0, 30.0, 20.0, 20.0, 10.0, 30.0, 30.0, 30.0, 30.0, 20.0, 50.0, 30.0, 20.0, 50.0, 30.0, 20.0, 50.0]
Rutas: 
[0, 46, 175, 176, 79, 50, 0][0, 123, 142, 96, 109, 133, 171, 0][0, 63, 111, 151, 167, 105, 0][0, 73, 57, 183, 19, 0][0, 28, 141, 160, 97, 18, 0][0, 84, 40, 42, 100, 163, 180, 0][0, 8, 30, 37, 33, 0][0, 5, 187, 112, 4, 0]
 - Distancia Total: 42688 m
 - Carga Total: : 15080.0 toneladas
 - Distancia Total: 409.0 min

DIA: 2
- - - - - - - 
#Indice de los contenedores a recoger el dia 2
Indices: [0, 9, 11, 12, 14, 15, 25, 26, 29, 31, 34, 35, 39, 43, 44, 45, 52, 55, 58, 60, 62, 64, 66, 68, 72, 77, 78, 80, 87, 88, 108, 110, 118, 119, 121, 126, 128, 131, 132, 143, 144, 147, 152, 154, 158, 162, 170, 174, 177, 179, 185, 189, 191]
Demanda: [140.0, 80.0, 100.0, 150.0, 100.0, 50.0, 120.0, 80.0, 70.0, 50.0, 120.0, 100.0, 50.0, 120.0, 100.0, 50.0, 130.0, 70.0, 100.0, 120.0, 130.0, 100.0, 150.0, 80.0, 50.0, 120.0, 130.0, 120.0, 140.0, 80.0, 70.0, 100.0, 70.0, 70.0, 100.0, 80.0, 150.0, 100.0, 100.0, 50.0, 130.0, 100.0, 120.0, 100.0, 150.0, 70.0, 120.0, 80.0, 70.0, 120.0, 100.0, 150.0]
Rutas: 
[0, 154, 158, 15, 45, 77, 78, 87, 143, 55, 177, 132, 179, 80, 174, 119, 60, 35, 0][0, 189, 52, 118, 88, 170, 185, 191, 44, 29, 108, 26, 25, 121, 58, 152, 62, 144, 0][0, 9, 31, 68, 110, 162, 39, 34, 72, 126, 43, 14, 128, 64, 66, 12, 147, 11, 131, 0]
 - Distancia Total: 38999 m
 - Carga Total: : 6460.0 toneladas
 - Distancia Total: 477.0 min

DIA: 3
- - - - - - - 
#Indice de los contenedores a recoger el dia 3
Indices: [0, 1, 16, 17, 23, 32, 38, 41, 48, 51, 53, 56, 61, 65, 69, 74, 75, 81, 85, 90, 91, 92, 93, 98, 101, 102, 106, 114, 120, 122, 125, 127, 134, 135, 140, 148, 149, 153, 161, 164, 181, 182, 184, 186, 188, 190, 192]
Demanda: [210.0, 90.0, 200.0, 270.0, 270.0, 120.0, 270.0, 180.0, 180.0, 200.0, 120.0, 90.0, 120.0, 180.0, 110.0, 270.0, 120.0, 180.0, 120.0, 180.0, 110.0, 270.0, 210.0, 110.0, 270.0, 180.0, 200.0, 270.0, 270.0, 200.0, 210.0, 200.0, 180.0, 270.0, 120.0, 180.0, 90.0, 110.0, 90.0, 110.0, 270.0, 90.0, 180.0, 120.0, 110.0, 180.0]
Rutas: 
[0, 101, 74, 140, 17, 69, 161, 23, 120, 81, 106, 0][0, 93, 149, 61, 41, 192, 38, 32, 65, 0][0, 182, 90, 56, 92, 181, 16, 75, 98, 186, 0][0, 127, 153, 134, 148, 164, 122, 184, 125, 190, 85, 0][0, 1, 53, 51, 135, 48, 91, 114, 188, 102, 0]
 - Distancia Total: 39621 m
 - Carga Total: : 10510.0 toneladas
 - Distancia Total: 460.0 min

DIA: 4
- - - - - - - 
#Indice de los contenedores a recoger el dia 4
Indices: [0, 2, 3, 6, 7, 10, 13, 20, 21, 22, 24, 27, 36, 47, 49, 54, 59, 67, 70, 71, 76, 82, 83, 86, 89, 94, 95, 99, 103, 104, 107, 113, 115, 116, 117, 124, 129, 130, 136, 137, 138, 139, 145, 146, 150, 155, 156, 157, 159, 165, 166, 168, 169, 172, 173, 178]
Demanda: [160.0, 260.0, 260.0, 130.0, 290.0, 150.0, 160.0, 260.0, 150.0, 260.0, 380.0, 260.0, 160.0, 150.0, 380.0, 390.0, 150.0, 260.0, 290.0, 260.0, 260.0, 150.0, 130.0, 290.0, 260.0, 130.0, 160.0, 260.0, 130.0, 290.0, 130.0, 260.0, 290.0, 160.0, 130.0, 260.0, 150.0, 290.0, 160.0, 260.0, 150.0, 280.0, 260.0, 150.0, 260.0, 290.0, 160.0, 150.0, 280.0, 260.0, 160.0, 260.0, 260.0, 130.0, 260.0]
Rutas: 
[0, 150, 156, 115, 116, 129, 49, 117, 0][0, 107, 173, 24, 146, 22, 95, 59, 70, 0][0, 137, 130, 47, 20, 82, 21, 83, 0][0, 10, 165, 103, 13, 99, 136, 166, 0][0, 168, 178, 76, 27, 71, 139, 169, 138, 3, 0][0, 6, 7, 155, 89, 54, 67, 113, 86, 0][0, 124, 172, 145, 104, 94, 157, 36, 0][0, 2, 159, 0]
 - Distancia Total: 44333 m
 - Carga Total: : 14560.0 toneladas
 - Distancia Total: 520.0 min

Coste: [-9957.312, -9961.001, -9960.379, -9955.667, 10000]
