Fecha de creacion: 14/04/2021 16:40:49

- - - - - - - - - - - - - - - - - -  
PLANIFICACION de LEIOA 
- - - - - - - - - - - - - - - - - -  

DIA: 1
- - - - - - - 
#Indice de los contenedores a recoger el dia 1
Indices: [0, 4, 5, 18, 19, 28, 30, 33, 40, 42, 46, 50, 57, 63, 73, 79, 96, 97, 100, 105, 109, 111, 123, 141, 142, 151, 160, 171, 175, 176, 180, 183, 187]
Demanda: [30.0, 30.0, 20.0, 50.0, 50.0, 20.0, 20.0, 30.0, 20.0, 50.0, 30.0, 20.0, 20.0, 20.0, 20.0, 40.0, 20.0, 20.0, 40.0, 20.0, 30.0, 20.0, 30.0, 30.0, 30.0, 30.0, 30.0, 20.0, 50.0, 30.0, 20.0, 50.0]
Rutas: 
[0, 105, 123, 33, 4, 0][0, 100, 42, 73, 175, 176, 0][0, 28, 171, 142, 96, 109, 0][0, 180, 183, 57, 18, 19, 0][0, 46, 79, 50, 0][0, 40, 97, 160, 141, 30, 0][0, 5, 187, 111, 151, 63, 0]
 - Distancia Total: 40051 m
 - Carga Total: : 12520.0 toneladas
 - Distancia Total: 369.0 min

DIA: 2
- - - - - - - 
#Indice de los contenedores a recoger el dia 2
Indices: [0, 8, 9, 12, 14, 25, 29, 34, 37, 39, 43, 52, 55, 58, 62, 68, 78, 84, 87, 88, 108, 112, 118, 121, 126, 131, 133, 144, 162, 163, 167, 170, 177, 179, 185, 189]
Demanda: [120.0, 140.0, 100.0, 150.0, 50.0, 80.0, 50.0, 130.0, 100.0, 50.0, 50.0, 130.0, 70.0, 120.0, 150.0, 120.0, 150.0, 120.0, 140.0, 80.0, 100.0, 100.0, 70.0, 100.0, 150.0, 50.0, 50.0, 150.0, 100.0, 130.0, 70.0, 80.0, 70.0, 120.0, 100.0]
Rutas: 
[0, 8, 9, 189, 52, 118, 78, 87, 88, 167, 133, 177, 179, 55, 170, 185, 112, 0][0, 84, 162, 39, 68, 37, 34, 12, 14, 131, 43, 126, 29, 108, 144, 25, 121, 62, 58, 163, 0]
 - Distancia Total: 25034 m
 - Carga Total: : 4800.0 toneladas
 - Distancia Total: 341.0 min

DIA: 3
- - - - - - - 
#Indice de los contenedores a recoger el dia 3
Indices: [0, 1, 11, 15, 17, 23, 26, 31, 35, 38, 44, 45, 53, 60, 61, 64, 66, 72, 75, 77, 80, 85, 90, 91, 93, 98, 102, 106, 110, 119, 128, 132, 143, 147, 148, 149, 152, 154, 158, 174, 184, 186, 190, 191]
Demanda: [210.0, 120.0, 180.0, 200.0, 270.0, 200.0, 110.0, 200.0, 120.0, 200.0, 180.0, 200.0, 180.0, 90.0, 210.0, 180.0, 120.0, 270.0, 90.0, 210.0, 180.0, 120.0, 180.0, 270.0, 210.0, 270.0, 180.0, 110.0, 110.0, 120.0, 180.0, 180.0, 210.0, 120.0, 180.0, 180.0, 200.0, 180.0, 200.0, 90.0, 180.0, 110.0, 270.0]
Rutas: 
[0, 44, 64, 11, 147, 66, 128, 35, 0][0, 106, 31, 26, 110, 38, 72, 184, 191, 190, 0][0, 154, 98, 60, 80, 119, 174, 148, 132, 143, 102, 53, 0][0, 93, 61, 158, 149, 152, 23, 15, 17, 75, 0][0, 1, 85, 186, 45, 91, 90, 77, 0]
 - Distancia Total: 34494 m
 - Carga Total: : 9370.0 toneladas
 - Distancia Total: 439.0 min

DIA: 4
- - - - - - - 
#Indice de los contenedores a recoger el dia 4
Indices: [0, 2, 16, 21, 27, 48, 51, 56, 65, 67, 69, 70, 74, 81, 82, 92, 95, 101, 103, 114, 125, 134, 135, 146, 153, 161, 164, 165, 172, 178, 181, 188, 192]
Demanda: [160.0, 130.0, 260.0, 380.0, 260.0, 260.0, 160.0, 160.0, 150.0, 260.0, 260.0, 150.0, 160.0, 260.0, 150.0, 130.0, 150.0, 260.0, 280.0, 280.0, 280.0, 260.0, 260.0, 130.0, 150.0, 130.0, 280.0, 260.0, 260.0, 150.0, 160.0, 260.0]
Rutas: 
[0, 181, 16, 69, 74, 21, 161, 70, 0][0, 51, 188, 67, 125, 164, 178, 134, 153, 0][0, 101, 82, 95, 146, 81, 192, 172, 0][0, 135, 114, 48, 56, 92, 0][0, 2, 27, 165, 103, 65, 0]
 - Distancia Total: 33162 m
 - Carga Total: : 10260.0 toneladas
 - Distancia Total: 337.0 min

DIA: 5
- - - - - - - 
#Indice de los contenedores a recoger el dia 5
Indices: [0, 3, 6, 7, 10, 13, 20, 22, 24, 32, 36, 41, 47, 49, 54, 59, 71, 76, 83, 86, 89, 94, 99, 104, 107, 113, 115, 116, 117, 120, 122, 124, 127, 129, 130, 136, 137, 138, 139, 140, 145, 150, 155, 156, 157, 159, 166, 168, 169, 173, 182]
Demanda: [340.0, 340.0, 170.0, 370.0, 190.0, 200.0, 190.0, 340.0, 510.0, 340.0, 510.0, 200.0, 190.0, 500.0, 510.0, 370.0, 340.0, 190.0, 170.0, 370.0, 340.0, 200.0, 170.0, 370.0, 170.0, 340.0, 370.0, 200.0, 510.0, 510.0, 170.0, 370.0, 340.0, 190.0, 370.0, 200.0, 340.0, 190.0, 510.0, 360.0, 190.0, 340.0, 370.0, 200.0, 190.0, 340.0, 200.0, 340.0, 170.0, 510.0]
Contenedor(es) desbordado(s): [32, 41, 54, 59, 120, 122, 140, 182]
#contenedor desborda cuando demanda > 100

Coste: [-9959.949, -9974.966, -9965.506, -9966.838, 10000, 10000]
