Fecha de creacion: 09/04/2021 10:54:03

- - - - - - - - - - - - - - - - - -  
PLANIFICACION de LEIOA 
- - - - - - - - - - - - - - - - - -  

DIA: 1
- - - - - - - 
#Indice de los contenedores a recoger el dia 1
Indices: [0, 4, 5, 8, 18, 19, 28, 30, 33, 37, 40, 42, 46, 50, 57, 63, 73, 79, 84, 96, 97, 100, 105, 109, 111, 112, 123, 133, 141, 142, 151, 160, 163, 167, 171, 175, 176, 180, 183, 187]
Demanda: [30.0, 30.0, 40.0, 20.0, 50.0, 50.0, 20.0, 20.0, 50.0, 30.0, 20.0, 50.0, 30.0, 20.0, 20.0, 20.0, 20.0, 30.0, 40.0, 20.0, 20.0, 40.0, 20.0, 30.0, 20.0, 20.0, 10.0, 30.0, 30.0, 30.0, 30.0, 20.0, 50.0, 30.0, 20.0, 50.0, 30.0, 20.0, 50.0, nan, nan, nan, nan, nan, nan, nan, nan]
Rutas: 
[0, 84, 5, 187, 180, 163, 100, 42, 19, 18, 73, 57, 183, 97, 160, 141, 28, 30, 112, 105, 0][0, 4, 8, 40, 37, 33, 111, 151, 63, 171, 167, 133, 109, 96, 142, 123, 175, 176, 79, 46, 50, 0]
 - Distancia Total: 29585 m
 - Carga Total: : 3770 toneladas
 - Distancia Total: 362.0 min

DIA: 2
- - - - - - - 
#Indice de los contenedores a recoger el dia 2
Indices: [0, 9, 11, 12, 14, 15, 25, 26, 29, 31, 34, 35, 39, 43, 44, 45, 52, 55, 58, 60, 62, 64, 66, 68, 72, 77, 78, 80, 87, 88, 108, 110, 118, 119, 121, 126, 128, 131, 132, 143, 144, 147, 152, 154, 158, 162, 170, 174, 177, 179, 185, 189, 191]
Demanda: [50.0, 50.0, 40.0, 60.0, 40.0, 20.0, 60.0, 50.0, 40.0, 20.0, 60.0, 40.0, 20.0, 60.0, 40.0, 20.0, 70.0, 40.0, 40.0, 60.0, 70.0, 40.0, 60.0, 50.0, 20.0, 60.0, 70.0, 60.0, 50.0, 50.0, 40.0, 40.0, 40.0, 40.0, 40.0, 50.0, 60.0, 40.0, 40.0, 20.0, 70.0, 40.0, 60.0, 40.0, 60.0, 40.0, 60.0, 50.0, 40.0, 60.0, 40.0, 60.0, nan, nan, nan, nan, nan, nan, nan, nan]
Rutas: 
[0, 9, 72, 31, 68, 110, 162, 39, 34, 35, 0][0, 44, 64, 11, 147, 66, 12, 14, 128, 131, 126, 43, 108, 60, 29, 119, 80, 174, 179, 177, 132, 143, 55, 170, 185, 191, 189, 52, 118, 88, 87, 45, 78, 77, 15, 58, 152, 62, 121, 25, 144, 26, 158, 154, 0]
 - Distancia Total: 31657 m
 - Carga Total: : 2740.0 toneladas
 - Distancia Total: 460.0 min

DIA: 3
- - - - - - - 
#Indice de los contenedores a recoger el dia 3
Indices: [0, 1, 16, 17, 23, 32, 38, 41, 48, 51, 53, 56, 61, 65, 69, 74, 75, 81, 85, 90, 91, 92, 93, 98, 101, 102, 106, 114, 120, 122, 125, 127, 134, 135, 140, 148, 149, 153, 161, 164, 181, 182, 184, 186, 188, 190, 192]
Demanda: [90.0, 30.0, 80.0, 90.0, 90.0, 60.0, 90.0, 60.0, 60.0, 80.0, 60.0, 30.0, 60.0, 60.0, 50.0, 90.0, 60.0, 60.0, 60.0, 60.0, 50.0, 90.0, 90.0, 50.0, 90.0, 60.0, 80.0, 90.0, 90.0, 80.0, 90.0, 80.0, 60.0, 90.0, 60.0, 60.0, 30.0, 50.0, 30.0, 50.0, 90.0, 30.0, 60.0, 60.0, 50.0, 60.0, nan, nan, nan, nan, nan, nan, nan, nan]
Rutas: 
[0, 1, 85, 186, 182, 90, 56, 92, 91, 114, 48, 181, 16, 69, 140, 74, 161, 17, 75, 98, 81, 120, 23, 101, 149, 61, 0][0, 93, 106, 192, 41, 38, 32, 65, 127, 153, 134, 148, 164, 122, 184, 190, 125, 102, 51, 135, 188, 53, 0]
 - Distancia Total: 35006 m
 - Carga Total: : 3580.0 toneladas
 - Distancia Total: 437.0 min

DIA: 4
- - - - - - - 
#Indice de los contenedores a recoger el dia 4
Indices: [0, 2, 3, 6, 7, 10, 13, 20, 21, 22, 24, 27, 36, 47, 49, 54, 59, 67, 70, 71, 76, 82, 83, 86, 89, 94, 95, 99, 103, 104, 107, 113, 115, 116, 117, 124, 129, 130, 136, 137, 138, 139, 145, 146, 150, 155, 156, 157, 159, 165, 166, 168, 169, 172, 173, 178]
Demanda: [70.0, 80.0, 80.0, 40.0, 110.0, 60.0, 70.0, 80.0, 60.0, 80.0, 110.0, 80.0, 70.0, 60.0, 110.0, 120.0, 60.0, 80.0, 110.0, 80.0, 80.0, 60.0, 40.0, 110.0, 80.0, 40.0, 70.0, 80.0, 40.0, 110.0, 40.0, 80.0, 110.0, 70.0, 40.0, 80.0, 60.0, 110.0, 70.0, 80.0, 60.0, 100.0, 80.0, 60.0, 80.0, 110.0, 70.0, 60.0, 100.0, 80.0, 70.0, 80.0, 80.0, 40.0, 80.0, nan, nan, nan, nan, nan, nan, nan, nan]
Contenedor(es) desbordado(s): [10, 27, 54, 59, 71, 89, 107, 116, 136, 156]
#contenedor desborda cuando demanda > 100

Coste: [-9970.415, -9968.343, -9964.994, 10000, 10000]
